0 0 0 0 0 0 0 0 0 0 0 0 0 0 0 0 0 0 0 0 0 0 0 0 0 0 0 0 0 0 0 0 0 0 0 0 0 0 0 0 0 0 0 0 0 0 0 0 0 0 0 0 0 0 0 0 
0 0 0 0 0 0 0 0 0 0 0 0 0 0 0 0 0 0 0 0 0 0 0 0 0 0 0 0 0 0 0 0 0 0 0 0 0 0 0 0 0 0 0 0 0 0 0 0 0 0 0 0 0 0 0 0
0 0 0 0 0 0 0 0 0 0 0 0 0 0 0 0 0 0 0 0 0 0 0 0 0 0 0 0 0 0 0 0 0 0 0 0 0 0 0 0 0 0 0 0 0 0 0 0 0 0 0 0 0 0 0 0 
0 0 0 0 0 0 0 0 0 0 0 0 0 0 0 0 0 0 0 0 0 0 0 0 0 0 0 0 0 0 0 0 0 0 0 0 0 0 0 0 0 0 0 0 0 0 0 0 0 0 0 0 0 0 0 0
0 0 0 0 0 0 0 0 0 0 0 0 0 0 0 0 0 0 0 0 0 0 0 0 0 0 0 0 0 0 0 0 0 0 0 0 0 2 0 0 0 0 0 0 0 0 0 0 0 0 0 0 0 0 0 0
0 0 0 0 0 0 0 0 0 0 0 0 0 2 0 0 0 0 0 2 0 0 1 0 2 0 2 0 2 0 2 0 3 0 0 0 0 0 0 0 0 0 0 0 0 0 0 0 0 1 0 0 0 0 0 0
0 0 0 0 0 0 0 0 0 0 0 0 0 0 0 0 0 0 1 0 2 0 5 1 2 1 2 1 2 1 2 1 4 1 2 0 3 0 0 0 0 0 0 1 0 0 0 0 0 0 0 0 0 0 0 0 
0 0 0 0 0 0 0 2 0 0 0 0 1 1 11 4 2 1 11 4 2 1 11 4 2 4 2 4 2 4 4 4 9 4 2 1 9 4 2 1 9 4 3 1 0 0 0 0 0 0 0 0 0 0 0 0 
0 0 0 0 0 0 0 0 0 0 1 0 5 1 11 4 2 1 11 4 2 4 2 4 0 4 0 4 0 4 0 4 2 4 4 4 9 4 2 1 9 4 4 1 3 0 0 0 0 0 0 0 0 0 0 0
0 0 0 0 0 0 0 0 0 0 1 1 11 4 11 4 2 4 2 4 0 4 0 4 0 4 6 3 0 4 1 4 0 4 0 4 2 4 4 4 9 4 9 4 3 1 0 0 0 0 0 0 0 0 0 0
0 0 0 0 0 0 0 2 1 0 5 1 11 4 2 4 0 4 0 4 0 4 0 4 6 3 0 4 0 4 0 4 0 4 0 4 0 4 0 4 4 4 9 4 4 1 3 0 0 0 0 0 0 0 0 0 
0 0 0 0 0 0 0 0 1 1 11 4 11 4 0 4 0 4 0 4 0 4 0 4 1 4 0 4 0 4 0 4 0 4 0 4 0 4 0 4 0 4 9 4 9 4 3 1 0 0 0 0 0 0 0 0 
0 2 0 0 0 0 0 2 1 1 11 4 2 4 0 4 0 4 1 4 0 4 0 4 0 4 6 3 0 4 0 4 0 4 1 4 0 4 0 4 0 4 4 4 9 4 3 1 0 0 0 1 0 0 0 0
0 0 0 0 0 0 0 0 1 1 11 4 0 4 0 4 0 4 0 4 0 4 0 4 0 4 0 4 0 4 0 4 0 4 0 4 6 3 0 4 0 4 0 4 9 4 3 1 0 0 0 2 0 0 0 0 
0 0 0 0 0 1 0 0 1 1 2 4 0 4 0 4 0 4 0 4 0 4 6 3 1 4 0 4 0 4 0 4 0 4 0 4 0 4 0 4 6 3 0 4 4 4 3 1 0 0 0 0 0 0 0 0
0 0 0 0 0 0 0 0 1 1 0 4 0 4 1 4 0 4 0 4 0 4 0 4 0 4 0 4 0 4 0 4 0 4 1 4 0 4 0 4 0 4 1 4 0 4 3 1 0 0 0 0 0 0 0 0
0 0 0 0 0 2 0 0 1 1 0 4 6 3 0 4 1 4 0 4 0 4 0 4 0 4 1 4 6 3 0 4 0 4 6 3 0 4 0 4 0 4 0 4 0 4 3 1 0 0 0 1 0 0 0 0
0 0 0 0 0 0 0 0 1 1 0 4 0 4 0 4 0 4 1 4 0 4 0 4 0 4 0 4 6 3 0 4 0 4 0 4 0 4 1 4 0 4 0 4 0 4 3 1 0 0 0 0 0 0 0 0
0 0 0 0 0 0 0 0 1 2 5 0 0 4 0 4 0 4 0 4 0 4 0 4 0 4 0 4 0 4 0 4 0 4 0 4 6 3 0 4 0 4 0 4 4 0 3 2 0 0 0 0 0 0 0 0
0 0 0 0 0 0 0 1 0 0 1 1 0 4 0 4 6 3 1 4 0 4 0 4 1 4 0 4 0 4 0 4 0 4 0 4 0 4 0 4 0 4 0 4 3 1 0 0 0 0 0 0 0 0 0 0
0 0 0 0 0 0 0 0 0 1 1 2 5 0 0 4 0 4 0 4 0 4 1 4 6 3 0 4 0 4 0 4 1 4 0 4 0 4 0 4 0 4 4 0 3 2 0 0 0 0 0 0 0 0 0 0
0 0 0 0 0 0 0 0 0 0 0 0 1 1 0 4 0 4 0 4 0 4 0 4 0 4 0 4 1 4 0 4 0 4 0 4 0 4 0 4 0 4 3 1 0 0 0 0 0 1 0 0 0 0 0 0
0 0 0 0 0 0 0 0 0 0 0 0 1 2 5 0 0 4 0 4 0 4 0 4 1 4 6 3 0 4 0 4 0 4 0 4 0 4 0 4 4 0 3 2 0 0 0 0 0 2 0 0 0 0 0 0
0 0 0 0 0 0 0 2 0 1 0 0 0 0 1 2 2 2 5 0 0 4 0 4 0 4 0 4 0 4 0 4 6 3 0 4 4 0 2 2 3 2 0 1 0 0 0 0 0 0 0 0 0 0 0 0
0 0 0 0 0 0 0 0 0 0 0 0 0 0 0 0 0 0 1 2 2 2 5 0 0 4 0 4 0 4 0 4 4 0 2 2 3 2 0 0 0 0 0 0 0 2 0 0 0 0 0 0 0 0 0 0
0 0 0 0 0 0 0 0 0 0 0 0 0 2 0 0 0 0 0 0 0 0 1 2 2 2 2 2 2 2 2 2 3 2 0 0 0 0 0 0 0 0 0 0 0 0 0 0 0 0 0 0 0 0 0 0 
0 0 0 0 0 0 0 0 0 0 0 0 0 0 0 0 0 0 0 0 0 0 0 0 0 0 0 0 0 0 0 0 0 0 0 0 0 2 0 0 0 0 0 0 0 0 0 0 0 0 0 0 0 0 0 0 
0 0 0 0 0 0 0 0 0 0 0 0 0 0 0 0 0 0 0 0 0 0 0 0 0 0 0 0 0 0 0 0 0 0 0 0 0 0 0 0 0 0 0 0 0 0 0 0 0 0 0 0 0 0 0 0
0 0 0 0 0 0 0 0 0 0 0 0 0 0 0 0 0 0 0 0 0 0 0 0 0 0 0 0 0 0 0 0 0 0 0 0 0 0 0 0 0 0 0 0 0 0 0 0 0 0 0 0 0 0 0 0
