72
66.5 -12.5
67.5 -12.5
68.5 -12.5
69.5 -12.5
70.5 -12.5
71.5 -12.5
72.5 -12.5
73.5 -12.5
66.5 -15.5
67.5 -15.5
68.5 -15.5
69.5 -15.5
70.5 -15.5
71.5 -15.5
72.5 -15.5
73.5 -15.5
66.5 -16.5
67.5 -16.5
68.5 -16.5
69.5 -16.5
70.5 -16.5
71.5 -16.5
72.5 -16.5
73.5 -16.5
66.5 -20.5
67.5 -20.5
68.5 -20.5
69.5 -20.5
70.5 -20.5
71.5 -20.5
72.5 -20.5
73.5 -20.5
66.5 -19.5
67.5 -19.5
68.5 -19.5
69.5 -19.5
70.5 -19.5
71.5 -19.5
72.5 -19.5
73.5 -19.5
60.5 -21.5
60.5 -22.5
60.5 -23.5
61.5 -21.5
61.5 -22.5
61.5 -23.5
64.5 -21.5
64.5 -22.5
64.5 -23.5
65.5 -21.5
65.5 -22.5
65.5 -23.5
60.5 -27.5
60.5 -28.5
60.5 -29.5
60.5 -30.5
63.5 -27.5
63.5 -28.5
63.5 -29.5
63.5 -30.5
64.5 -27.5
64.5 -28.5
64.5 -29.5
64.5 -30.5
67.5 -27.5
67.5 -28.5
67.5 -29.5
67.5 -30.5
68.5 -27.5
68.5 -28.5
68.5 -29.5
68.5 -30.5

